-8.098761139250850052013
-7.411582531485468809439
-6.840237305249355417846
-6.328255351220081955657
-5.854095056030400108043
-5.4066542479701276084
-4.979260978545255871627
-4.567502072844394855169
-4.168257066832500201536
-3.779206753435223493119
-3.398558265859628346294
-3.024879883901284437677
-2.656995998442895794981
-2.293917141875083421885
-1.934791472282295793298
-1.578869894931613886258
-1.225480109046289030949
-0.8740066123570880774379
-0.5238747138322771926149
-0.1745372145975823834895
0.1745372145975823834895
0.5238747138322771926149
0.8740066123570880774379
1.225480109046289030949
1.578869894931613886258
1.934791472282295793298
2.293917141875083421885
2.656995998442895794981
3.024879883901284437677
3.398558265859628346294
3.779206753435223493119
4.168257066832500201536
4.567502072844394855169
4.979260978545255871627
5.4066542479701276084
5.854095056030400108043
6.328255351220081955657
6.840237305249355417846
7.411582531485468809439
8.098761139250850052013

2.5910437138470814735E-29
8.5440569637755107739E-25
2.56759336541166966049E-21
1.98918101211650248562E-18
6.0083587894908166903E-16
8.80570764521613225662E-14
7.15652805269031870836E-12
3.52562079136541190292E-10
1.121236083227581017452E-8
2.41114416367052344179E-7
3.631576150693023511842E-6
3.93693398109249277043E-5
3.13853594541331475647E-4
0.001871496829597952779484
0.00846088800825813243994
0.02931256553617236984568
0.07847460586540439130889
0.1633787327132714570815
0.265728251877377076143
0.338643277425589218202
0.338643277425589218202
0.265728251877377076143
0.1633787327132714570815
0.07847460586540439130889
0.02931256553617236984568
0.00846088800825813243994
0.001871496829597952779484
3.13853594541331475647E-4
3.93693398109249277043E-5
3.631576150693023511842E-6
2.41114416367052344179E-7
1.121236083227581017452E-8
3.52562079136541190292E-10
7.15652805269031870836E-12
8.80570764521613225662E-14
6.0083587894908166903E-16
1.98918101211650248562E-18
2.56759336541166966049E-21
8.5440569637755107739E-25
2.5910437138470814735E-29
